4294967294,1089
4294967294,1088
4294967294,630
4294967294,629
4294967294,639
4294967294,72
4294967294,638
4294967294,637
4294967294,636
4294967294,635
4294967294,634
4294967294,633
4294967294,632
4294967294,631
4294967294,71
4294967294,628
4294967294,627
4294967294,626
4294967294,625
4294967294,624
4294967294,623
4294967294,622
4294967294,621
4294967294,620
4294967294,619
4294967294,618
4294967294,617
4294967294,616
4294967294,615
4294967294,614
4294967294,613
4294967294,612
4294967294,611
4294967294,610
4294967294,609
4294967294,608
4294967294,607
4294967294,606
4294967294,605
4294967294,604
4294967294,603
4294967294,602
4294967294,601
4294967294,600
4294967294,599
4294967294,598
4294967294,597
4294967294,596
4294967294,595
4294967294,594
4294967294,593
4294967294,592
4294967294,591
4294967294,590
4294967294,589
4294967294,588
4294967294,587
4294967294,586
4294967294,585
4294967294,584
4294967294,583
4294967294,582
4294967294,581
4294967294,580
4294967294,579
4294967294,0
4294967294,1080
4294967294,1079
4294967294,1078
4294967294,1077
4294967294,1076
4294967294,1075
4294967294,1074
4294967294,1073
4294967294,1072
4294967294,1071
4294967294,1070
4294967294,1069
4294967294,1068
4294967294,1067
4294967294,1066
4294967294,1065
4294967294,1064
4294967294,1063
4294967294,1062
4294967294,1061
4294967294,1060
4294967294,1059
4294967294,1058
4294967294,1057
4294967294,1056
4294967294,1055
4294967294,1054
4294967294,1053
4294967294,1052
4294967294,1051
4294967294,1050
4294967294,1049
4294967294,1048
4294967294,1047
4294967294,1046
4294967294,1045
4294967294,1044
4294967294,1043
4294967294,1042
4294967294,1041
4294967294,1040
4294967294,1039
4294967294,1038
4294967294,1037
4294967294,1036
4294967294,1035
4294967294,1034
4294967294,1033
4294967294,1032
4294967294,1031
4294967294,1030
4294967294,1029
4294967294,1028
4294967294,1027
4294967294,1026
4294967294,1025
4294967294,1024
4294967294,525
4294967294,524
4294967294,523
4294967294,522
4294967294,521
4294967294,520
4294967294,519
4294967294,467
4294967294,466
4294967294,465
4294967294,464
4294967294,463
4294967294,462
4294967294,461
4294967294,460
4294967294,459
4294967294,458
4294967294,1000
4294967294,999
4294967294,998
4294967294,997
4294967294,996
4294967294,995
4294967294,994
4294967294,993
4294967294,992
4294967294,991
4294967294,990
4294967294,989
4294967294,988
4294967294,987
4294967294,986
4294967294,985
4294967294,984
4294967294,983
4294967294,982
4294967294,981
4294967294,980
4294967294,425
4294967294,421
4294967294,409
4294967294,959
4294967294,958
4294967294,957
4294967294,956
4294967294,955
4294967294,954
4294967294,953
4294967294,952
4294967294,951
4294967294,950
4294967294,949
4294967294,948
4294967294,947
4294967294,946
4294967294,945
4294967294,944
4294967294,943
4294967294,942
4294967294,941
4294967294,940
4294967294,939
4294967294,938
4294967294,937
4294967294,936
4294967294,935
4294967294,934
4294967294,933
4294967294,932
4294967294,931
4294967279,280
4294967279,279
4294967279,278
4294967279,277
4294967279,276
4294967279,275
4294967279,274
4294967279,273
4294967279,272
4294967279,271
4294967279,270
4294967279,269
4294967279,268
4294967279,267
4294967279,266
4294967279,265
4294967279,264
4294967279,263
4294967279,262
4294967279,261
4294967279,260
4294967279,259
4294967279,258
4294967294,895
4294967294,894
4294967294,893
4294967294,892
4294967294,891
4294967294,890
4294967294,889
4294967294,888
4294967294,887
4294967294,886
4294967294,885
4294967294,884
4294967294,883
4294967294,882
4294967294,881
4243767290,0
4243767290,4
4243767290,3
4243767290,2
4294967278,276
4294967278,275
4294967278,274
4294967278,273
4294967278,272
4294967278,271
4294967278,270
4294967278,269
4294967278,268
4294967278,267
4294967278,266
4294967278,265
4294967278,264
4294967278,263
4294967278,262
4294967278,261
4294967278,260
4294967278,259
4294967278,258
4294967278,257
4294967278,256
4294967294,831
4294967294,830
4294967294,829
4294967294,828
4294967294,827
4294967294,826
4294967294,825
4294967294,824
4294967294,823
4294967294,822
4294967294,821
4294967294,820
4294967294,819
4294967294,818
4294967294,817
4294967294,816
4294967294,815
4294967294,814
4294967294,813
4294967294,812
4294967294,811
4294967294,810
4294967294,809
4294967294,808
4294967294,807
4294967294,806
4294967294,805
4294967294,804
4294967294,803
4294967294,206
1,0
1,4
1,3
1,2
1,1
4294967294,741
4294967294,756
4294967294,755
4294967294,767
4294967294,766
4294967294,765
4294967294,764
4294967294,763
4294967294,762
4294967294,761
4294967294,760
4294967294,759
4294967294,758
4294967294,757
4294967294,737
4294967294,754
4294967294,753
4294967294,752
4294967294,751
4294967294,750
4294967294,749
4294967294,748
4294967294,747
4294967294,746
4294967294,745
4294967294,744
4294967294,743
4294967294,742
4294967294,740
4294967294,739
4294967294,738
4294967278,255
4294967294,736
4294967294,735
4294967294,731
4294967294,734
4294967294,715
4294967294,733
4294967294,729
4294967294,732
4294967294,712
4294967294,728
4294967294,730
4294967294,717
4294967294,724
4294967294,727
4294967294,723
4294967294,726
4294967294,706
4294967294,725
4294967294,721
4294967294,722
4294967294,716
4294967294,720
4294967294,719
4294967294,718
4294967294,709
4294967294,711
4294967294,714
0,6
4294967294,187
4294967294,186
4294967294,147
4294967294,145
4294967294,142
4294967294,143
4294967294,703
4294967294,702
4294967294,701
4294967294,700
4294967294,699
4294967294,698
4294967294,697
4294967294,696
4294967294,695
4294967294,694
4294967294,693
4294967294,692
4294967294,691
4294967294,690
4294967294,689
4294967294,688
4294967294,687
4294967294,686
4294967294,685
4294967294,684
4294967294,683
4294967294,682
4294967294,681
4294967294,680
4294967294,679
4294967294,678
4294967294,677
4294967294,676
4294967294,675
4294967294,674
4294967294,673
4294967294,672
4294967294,671
4294967294,670
4294967294,669
4294967294,668
4294967294,667
4294967294,666
4294967294,665
4294967294,664
4294967294,663
4294967294,662
4294967294,661
4294967294,660
4294967294,659
4294967294,658
4294967294,657
4294967294,656
4294967294,655
4294967294,654
4294967294,653
4294967294,652
4294967294,651
4294967294,650
4294967294,649
4294967294,648
4294967294,647
4294967294,646
